id,breed_1,breed_2,breed_3,breed_4
sample_1,0.00219282313965927,0.00168383472425735,0.996123341793446,3.42637577192457e-10
sample_2,0.000351521384966087,0.0657591250759374,0.933889353179323,3.59773512966999e-10
sample_3,0.0293306630367092,0.0057761990148951,0.964893133458929,4.48946616106192e-09
sample_4,0.00194899936607337,0.000892843842846837,0.997158156557256,2.33823847885104e-10
sample_5,4.30335149977237e-05,0.99720789144493,0.00274907416531704,8.74755145693935e-10
sample_6,4.17808714304742e-06,1.71728929360097e-05,2.16747363400798e-08,0.999978627345185
sample_7,1.25830225505369e-05,2.23303341099527e-05,0.99996508664149,1.84920842997518e-12
sample_8,5.82983753752564e-06,3.83354321716488e-06,1.11395368290506e-08,0.999990325479708
sample_9,0.00126599950043388,0.986381696443194,0.0123522798990417,2.41573302005545e-08
sample_10,0.000187900063743651,0.999337027092224,0.000475038975593611,3.3868438802808e-08
sample_11,0.99998897625809,1.51627247757957e-06,9.12492742880676e-06,3.82542003683159e-07
sample_12,7.0149709876413e-06,2.66377875456743e-06,1.18926028376632e-08,0.999990309357655
sample_13,1.29166332013449e-05,3.36093967598011e-06,1.96543224135949e-08,0.9999837027728
sample_14,4.21525389934236e-05,0.999913993769107,4.3781526539305e-05,7.21653600843978e-08
sample_15,0.0153874334412239,0.62080103672984,0.36381148756452,4.22644164490692e-08
sample_16,2.34675840871118e-05,0.999456691375589,0.000519839817944773,1.22237892253097e-09
sample_17,4.79499913629929e-05,6.53418751104186e-06,0.999945515818045,3.08061848644678e-12
sample_18,6.6139904791528e-05,0.993497605958494,0.00643625321853488,9.18179655870571e-10
sample_19,0.999989008469532,1.34820906282708e-06,9.38251730846455e-06,2.60804096293232e-07
sample_20,0.000121219099233692,0.996100424359223,0.00377835387013966,2.67140329747344e-09
sample_21,2.46883854081897e-05,1.67538609360408e-05,4.35946330531476e-08,0.999958514159023
sample_22,0.932392469459047,0.000281937407746223,0.0673255748431211,1.82900860200489e-08
sample_23,0.999919489943723,2.94374821990013e-05,4.19489855203755e-05,9.12358855806067e-06
sample_24,6.44480809701192e-05,1.58398387783569e-05,0.99991971207586,4.39142970646486e-12
sample_25,1.47335070432972e-05,0.999896239776822,8.90234817957704e-05,3.23433927377611e-09
sample_26,7.33674591238138e-06,3.7111424925469e-05,0.999955551827394,1.76804071982558e-12
sample_27,8.15418003390919e-05,1.30724979540749e-05,0.999905385696917,4.78983542531271e-12
sample_28,0.910108026285231,0.00205948035944229,0.0878324053378489,8.80174777285891e-08
sample_29,0.998491403347937,0.000209734782053388,6.0216193028466e-05,0.00123864567698146
sample_30,0.986388577874202,0.00350280976998613,0.0101075558179459,1.05653786610413e-06
sample_31,0.00291153849553059,0.996646258598592,0.00016566393811141,0.000276538967765926
sample_32,0.000127118545752236,0.988529892087998,0.0113429878927164,1.47353394986561e-09
sample_33,0.00118446318476526,0.902579194294194,0.0962363363296845,6.19135630341936e-09
sample_34,1.49016746294991e-05,0.00020386219381157,0.999781236127072,4.48687371030495e-12
sample_35,7.64500629688886e-05,0.000678004336421726,4.15076618502328e-07,0.999245130523991
sample_36,5.31858977095006e-06,6.9255021909209e-06,1.85188013773648e-08,0.999987737389237
sample_37,8.68178377020438e-06,0.999948720349303,4.25946328212812e-05,3.23410573884488e-09
sample_38,0.999983111812938,3.63993580924029e-06,1.10367890456983e-05,2.21146220756206e-06
sample_39,0.999987838338787,7.66996129207559e-07,1.13459898158932e-05,4.86752678306207e-08
sample_40,4.09537456249578e-05,6.59113739864488e-06,0.999952455114182,2.79435713013223e-12
sample_41,1.05698457007086e-05,1.61034702345321e-05,0.999973326682519,1.5459890309161e-12
sample_42,1.55193006128556e-05,0.9995706019516,0.000413877923570287,8.24217123898166e-10
sample_43,2.6620805072408e-05,1.02104674159654e-05,0.99996316872525,2.26195078296552e-12
sample_44,2.77114040134998e-05,0.998627629021343,0.00134465879567543,7.78967786227116e-10
sample_45,0.999983176461261,5.6719159754863e-07,1.62412938647703e-05,1.505327667159e-08
sample_46,1.09602572042303e-05,0.999964912406097,2.41156158480564e-05,1.17208505734807e-08
sample_47,0.999516609261015,2.82837021208376e-05,0.000455023190817048,8.38460471026803e-08
sample_48,0.999961765020834,9.17157096757517e-07,3.73074513342176e-05,1.03707350007391e-08
sample_49,3.26316341046285e-05,0.000871679413444049,0.999095688939968,1.24833639409181e-11
sample_50,2.77258975322562e-05,5.9298292095863e-06,4.29345066585308e-08,0.999966301338752
sample_51,0.000151627880411059,9.41915531924901e-05,0.999754180551449,1.49475932616298e-11
sample_52,0.999832357790597,2.69635570632193e-05,0.000140237421228562,4.41231111201738e-07
sample_53,0.999594637977942,1.93809660248971e-06,0.00040342104615094,2.879305263239e-09
sample_54,0.999952612607112,3.80002911785274e-06,4.34930008398291e-05,9.43629299061136e-08
sample_55,0.99996587184764,5.16244715367446e-06,2.85765102982624e-05,3.89194908182647e-07
sample_56,0.999914754056086,1.74329477502314e-05,1.81515200242679e-05,4.9661476139181e-05
sample_57,0.999967744969163,1.66405256283635e-06,3.05535254438003e-05,3.74528300994493e-08
sample_58,0.997959400536597,2.26422058800673e-05,0.00201794273544022,1.45220822085699e-08
sample_59,0.999920842498182,4.03010984908441e-06,7.50825560607581e-05,4.48359078116541e-08
sample_60,1.79606056128464e-05,0.999964229730761,1.77446744395509e-05,6.49891869518201e-08
sample_61,0.999699986100416,1.79446356212794e-06,0.0002982161411744,3.29484711218912e-09
sample_62,0.999987851880044,1.73129065075369e-06,1.00186212192908e-05,3.98208085763071e-07
sample_63,0.997190068215588,1.30122315489682e-05,0.00279691331072712,6.2421355770922e-09
sample_64,1.45455039419623e-05,4.30368412525317e-06,2.50807021222416e-08,0.999981125731231
sample_65,0.999988547803303,8.57319540440623e-07,1.05234838570016e-05,7.13932997567496e-08
sample_66,0.999694170498006,8.43339570579915e-05,0.000219968163572411,1.52738136364382e-06
sample_67,3.28483694666858e-05,0.998036844235298,0.00193030662334223,7.71893081622782e-10
sample_68,9.18443513643447e-06,1.54006054302221e-05,2.50674939132356e-08,0.999975389891939
sample_69,0.999419328765281,0.000246521035042175,0.000329149482114761,5.00071756227467e-06
sample_70,0.00165834711695519,0.997915979681522,0.000100900530491505,0.000324772671031146
sample_71,0.00896628190811136,6.97721096664839e-05,0.990963945798192,1.84030537712559e-10
sample_72,0.999818704806256,1.40543965462181e-06,0.000179886071103946,3.68298586846699e-09
sample_73,1.20410880277266e-05,0.000133053211535174,0.999854905697027,3.41045736177432e-12
sample_74,0.999984083802637,7.42232425986487e-07,1.51471322038609e-05,2.6832733320297e-08
sample_75,3.776910724361e-05,0.999654469341858,0.000307757589360525,3.96153777333843e-09
sample_76,0.000477583121983571,9.40858581734769e-05,0.999428330987793,3.20495062171627e-11
sample_77,0.0016948399100375,3.96627085763867e-05,0.99826549733161,4.97763655472847e-11
sample_78,3.88135230769164e-05,0.99994492019786,1.54410492215836e-05,8.25229841400668e-07
sample_79,0.991071461223861,1.84769033635185e-05,0.00891005735013901,4.52263702021961e-09
sample_80,0.988784692879197,1.35341811800754e-05,0.0112017698693218,3.0703013869182e-09
sample_81,8.0737647313666e-06,0.999974824726412,1.70892835218037e-05,1.22253350587439e-08
sample_82,0.998981350894294,3.40763594133187e-05,0.000984527258170298,4.54881218562563e-08
sample_83,0.00277571976962379,0.0165743560541812,0.980649923012138,1.16405732821218e-09
sample_84,0.999284819765443,0.000363052295386248,0.000342375874110846,9.75206506030755e-06
sample_85,4.83334411373009e-05,0.999906163603975,4.54113844847397e-05,9.15704028520699e-08
sample_86,8.51069298064806e-06,0.999961773956956,2.97093548716219e-05,5.99519160011983e-09
sample_87,0.999982159774143,3.93402037722944e-06,1.15729811035409e-05,2.33322437637213e-06
sample_88,0.00520664812902703,0.994142625096218,0.00024699824029413,0.000403728534460907
sample_89,2.93562722402779e-05,1.96221254867196e-05,0.999951021599377,2.89606997611893e-12
sample_90,0.000975145183630177,5.58664618203782e-05,0.998968988313908,4.0641696154747e-11
sample_91,0.00146446940208193,2.61466078933143e-05,0.998509383951809,3.82161680114392e-11
sample_92,1.16343509396941e-05,1.4492097893342e-05,2.75089270819773e-08,0.99997384604224
sample_93,0.999989099507731,1.03049579292702e-06,9.7432698707129e-06,1.26726605107048e-07
sample_94,0.99990270059442,1.11890632568895e-06,9.617566052184e-05,4.83873238391799e-09
sample_95,0.000165576417686036,4.27879264657877e-05,0.99979163564431,1.15382752686874e-11
sample_96,6.45687369507795e-05,0.99991405401398,1.47242326871048e-05,6.65301638195531e-06
sample_97,0.999705655995898,0.000151858386459239,0.000100554311384315,4.19313062584662e-05
sample_98,0.999989499148568,1.00554045889455e-06,9.35975245958101e-06,1.35558513188222e-07
sample_99,0.999876841396556,2.3504605058586e-06,0.000120797322856227,1.08200821656496e-08
sample_100,0.99998585610994,2.77478524695857e-06,9.61642475153683e-06,1.75268006127656e-06
sample_101,7.87429200199325e-05,0.999626167189935,0.000295076158357875,1.37316871040007e-08
sample_102,7.77794535487097e-06,0.999953521339847,3.86975046571773e-05,3.21014129253626e-09
sample_103,0.978899853698295,4.45435425864372e-05,0.0210555961941479,6.56497118035423e-09
sample_104,0.0022614432968417,1.75403545247341e-05,0.997721016304254,4.43800177735378e-11
sample_105,0.984161738301932,5.69345230951639e-05,0.0157813175710597,9.60391307205182e-09
sample_106,1.00128501164044e-05,0.999963644467805,2.63342356486966e-05,8.44642967824262e-09
sample_107,0.000231235178112898,0.997478135236686,0.00229062024562853,9.33957206690867e-09
sample_108,3.24706001477066e-05,0.00298567730191499,0.996981852077494,2.04430462156121e-11
sample_109,1.39234827407928e-05,0.999849195858097,0.000136878810084706,1.84907744275012e-09
sample_110,2.99468861675316e-05,8.05486776497774e-05,0.999889504431341,4.84187755666937e-12
sample_111,7.56304268331785e-05,0.999896024140922,1.48019172222478e-05,1.35435150228652e-05
sample_112,0.954789319300695,0.00112425832553573,0.0440863390087876,8.33649814455185e-08
sample_113,0.000475085792082043,0.0325646846508749,0.966960229201546,3.55497443439273e-10
sample_114,0.000171405621352472,0.00527608372994632,0.994552510568961,7.97402620695107e-11
sample_115,0.953605877510104,0.0207250657808909,0.0256665690047666,2.48770423870981e-06
sample_116,1.40963411150368e-05,7.86333800647185e-06,0.999978040319245,1.63364102785743e-12
sample_117,5.31530602371916e-06,6.89149321612831e-06,1.84643463892717e-08,0.999987774736414
sample_118,0.999892331849381,1.83801035307102e-06,0.000105821364683096,8.77558343992333e-09
sample_119,0.999988375927902,1.83361038183378e-06,9.16795867514225e-06,6.2250304083577e-07
sample_120,1.13875788885711e-05,0.000171707267927317,0.999816905149491,3.69343779447348e-12
sample_121,0.000633500759803226,4.08881953994612e-05,0.999325611017863,2.6934675262848e-11
sample_122,1.30710454305254e-05,0.999752359501656,0.000234568431494417,1.02141938869839e-09
sample_123,0.999668475861231,0.000175655186408057,0.000109399483032176,4.64694693285119e-05
sample_124,8.15407537687351e-06,0.999964315466513,2.75243803636469e-05,6.07774602554024e-09
sample_125,3.40590607008454e-05,1.49169242061321e-05,0.999951024012188,2.90520170219152e-12
sample_126,0.994444593017799,0.00061486393349274,0.000100025248317781,0.00484051780039017
sample_127,4.02855593336093e-05,6.14389872437524e-06,0.999953570539032,2.90979958524518e-12
sample_128,0.00166848736608566,0.996073804691816,0.00225751936086581,1.88581232553343e-07
sample_129,2.2949511479557e-05,7.09552930275021e-06,0.99996995495721,2.00798025743754e-12
sample_130,0.000119540523872344,0.967737744910064,0.0321427137136187,8.52444869876365e-10
sample_131,0.000372521417997976,0.994285064017159,0.00534240543732158,9.12752155364045e-09
sample_132,0.936783173192266,0.000516634756616595,0.0627001596014022,3.24497146525814e-08
sample_133,4.49618184498733e-05,0.00388327661687193,0.996071761537426,2.72519962777348e-11
sample_134,0.99998614175686,2.24552910965762e-06,1.10302903797202e-05,5.82423651125397e-07
sample_135,3.4460635534175e-05,0.00335724333205788,0.99660829601025,2.2157923350868e-11
sample_136,0.999826259402376,7.87807020293439e-05,6.75471321750323e-05,2.74127634191605e-05
sample_137,0.968102399646197,0.00154730486892279,0.0303501447335735,1.5075130723185e-07
sample_138,0.999864135421791,1.59328543436591e-06,0.00013426564196922,5.65080587016895e-09
sample_139,7.68131532338002e-06,2.97191085091173e-05,0.999962599574523,1.64495008141714e-12
sample_140,0.000361341199864276,0.000857057271568892,0.998781601460589,6.79779996036017e-11
sample_141,2.47674096133636e-05,1.65914795937392e-05,4.34866575411698e-08,0.999958597624135
sample_142,1.89770176561019e-05,6.92269553720219e-06,0.99997410028492,1.88707951169041e-12
sample_143,0.000318705943939834,0.999617101130107,5.51112630197655e-05,9.08166293354174e-06
sample_144,1.91461291734976e-05,0.999964076377264,1.66892755041788e-05,8.82180583268385e-08
sample_145,0.999883447236919,4.15465814521862e-05,7.01898057474706e-05,4.81637588160613e-06
sample_146,7.66918669699986e-06,7.14485410324771e-05,5.53218171895972e-08,0.999920826950453
sample_147,3.25317715274849e-05,0.997471995281753,0.00249547228717975,6.59539694880058e-10
sample_148,3.21355860930745e-05,6.55015436804623e-06,4.93704772258254e-08,0.999961264889061
sample_149,2.30932085494686e-05,6.55848187774901e-06,0.999970348307471,2.10124370197537e-12
sample_150,0.00026509172286703,0.000135352763008795,0.999599555488875,2.52487666716387e-11
sample_151,0.017577665118311,0.0113145840808345,0.971107746481341,4.31951315668239e-09
sample_152,1.10606884178727e-05,0.999895265199294,9.36722085717561e-05,1.90371678231315e-09
sample_153,0.999975069971639,1.04846315999815e-06,2.38574012476169e-05,2.41639531782117e-08
sample_154,5.89898453212439e-06,3.8717071771209e-06,1.12455226330319e-08,0.999990218062768
sample_155,0.996625783891945,0.000221536403726227,0.00315253630014485,1.43404184218402e-07
sample_156,0.999941296070714,2.02540731352773e-06,5.66570831084882e-05,2.14388638019363e-08
sample_157,0.000166868330691815,4.75178894205205e-05,0.999785613767798,1.20899312490949e-11
sample_158,0.0559833501652705,0.935383363772414,0.00862344978561728,9.8362766983368e-06
sample_159,0.731150146307266,0.00124523982721774,0.267604586782481,2.70830358115983e-08
sample_160,0.000259530696744444,2.81534984782671e-05,0.999712315791704,1.30729608670603e-11
sample_161,0.000992579565483663,0.998855914639515,9.50481437697314e-05,5.6457651231332e-05
sample_162,0.000104741080765567,0.999792399713154,0.000102751301690544,1.07904390009414e-07
sample_163,0.00708174915735683,2.24129277566428e-05,0.992895837813255,1.01632066520157e-10
sample_164,0.000433534787424069,1.21580041818572e-05,0.999554307194743,1.36514102652052e-11
sample_165,0.000117979203579306,0.993249030076841,0.00663298890537092,1.8142088744101e-09
sample_166,2.05198250051742e-05,0.999578451359773,0.000401027570878925,1.24434257896902e-09
sample_167,0.000937739210312859,0.00197425158103474,2.72282346330191e-06,0.997085286385189
sample_168,7.87613986768627e-06,0.999963444549926,2.86741019895299e-05,5.2082171051138e-09
sample_169,0.999890356582838,2.03754273312464e-06,0.000107595881283595,9.99314537718248e-09
sample_170,0.00267257240454652,0.996592024743489,0.000132382977113684,0.000603019874850315
sample_171,1.23260202226056e-05,0.000105825457425253,0.999881848519194,3.15776996000591e-12
sample_172,1.14775961920039e-05,0.000173686817776728,0.999814835582309,3.72251864460454e-12
sample_173,2.18176663406941e-05,0.999964177190521,1.37959582981522e-05,2.09184840134863e-07
sample_174,4.23295271440417e-05,0.999156792799097,0.000800875675653037,1.9981063051248e-09
sample_175,0.000421013628183857,0.999475239713312,0.00010057436423174,3.1722942725429e-06
sample_176,1.34785179706294e-05,1.12903971931662e-05,0.999975231083238,1.59818192852748e-12
sample_177,5.13589649401688e-05,0.00190962209770199,0.998039018914683,2.26744467295979e-11
sample_178,2.61892233079907e-05,0.999962152221504,1.06425299256991e-05,1.01602526261816e-06
sample_179,9.83304848521871e-06,0.999895045429679,9.51199614526489e-05,1.56038354243656e-09
sample_180,0.998250513629124,0.000244818077933533,6.53047398289604e-05,0.00143936355311315
sample_181,0.0170104240050917,0.0192313614498862,0.963758208999192,5.54583039611094e-09
sample_182,0.00087984337653349,3.20013733184907e-05,0.999088155220152,2.99960920784892e-11
sample_183,9.16026471167477e-05,0.99987587645793,1.66348136446069e-05,1.58860813086974e-05
sample_184,0.0582142101720287,0.919438715940538,0.0223444707061487,2.60318128427335e-06
sample_185,3.74381002718563e-05,0.00185534383101603,0.998107218050515,1.81974930412461e-11
sample_186,0.996595120414766,7.36058659312678e-05,0.0033312366185317,3.71007708881952e-08
sample_187,0.0616905991611256,0.0953836194111469,0.842925740235809,4.11919185273639e-08
sample_188,6.10585109043192e-05,6.31167529708356e-06,0.999932629810141,3.65739946756206e-12
sample_189,8.32519405975932e-06,0.99994695176011,4.47202097955388e-05,2.83603461871815e-09
sample_190,1.27140196956877e-05,8.56749584096721e-05,0.999901611018931,2.96413384457901e-12
sample_191,1.57107074081146e-05,0.999973836998353,1.02195457865236e-05,2.32748452121395e-07
sample_192,0.999929811548812,6.50869897085923e-06,6.35467326777859e-05,1.33019539809376e-07
sample_193,1.02764419159846e-05,1.40078160600574e-05,2.54342839903049e-08,0.99997569030774
sample_194,0.99997759216366,1.49500814287154e-06,2.08548304987191e-05,5.79976981754779e-08
sample_195,2.27057809935829e-05,0.999965410182299,1.14408395969844e-05,4.43197110807039e-07
sample_196,0.0882654346163871,0.903602045725312,0.0081084723256926,2.4047332608695e-05
sample_197,7.51894182372645e-05,6.3826791092191e-06,6.83099678528535e-08,0.999918359592686
sample_198,2.38038704903817e-05,0.999958485308292,1.75748256541806e-05,1.35995562918356e-07
sample_199,4.96380579607844e-05,0.994902981971107,0.00504737922675199,7.44180136699021e-10
sample_200,5.13545588496495e-05,0.00179928060894298,0.998149364810034,2.21733553768352e-11
sample_201,5.25745752552833e-06,3.63952666579369e-06,1.03946252259104e-08,0.999991092621183
sample_202,0.744195435182176,0.000402576067578691,0.255401977087198,1.16630476717118e-08
sample_203,1.24988143808923e-05,5.31485568744592e-05,0.999934352626276,2.46865438171072e-12
sample_204,1.21440419700543e-05,8.86506791302011e-06,0.999978990888598,1.51935538679666e-12
sample_205,0.000157200102421709,0.999726288363032,0.000116305660153094,2.05874393323684e-07
sample_206,3.29631291281797e-06,8.87132980074895e-06,1.35093383387642e-08,0.999987818847948
sample_207,0.000803833446350537,4.15840627470724e-05,4.39342448311861e-07,0.999154143148454
sample_208,7.99187941602336e-05,0.999896186009877,2.08054668338674e-05,3.08972912865753e-06
sample_209,0.0140893066225409,6.47050325355546e-05,0.985845988109855,2.3506890808745e-10
sample_210,0.998109421097798,0.000297609167460493,7.39026752596869e-05,0.00151906705948193
sample_211,4.22396744926736e-06,4.25271699470513e-06,9.95880160601432e-09,0.999991513356754
sample_212,0.000208045494271242,0.999725172374658,2.72108691984432e-05,3.95712618717757e-05
sample_213,0.0576000981484174,0.0387964743483513,0.903603404690397,2.28128343488934e-08
sample_214,0.999941766457089,8.40306818260504e-07,5.73877307620102e-05,5.50533054150214e-09
sample_215,5.44315041839014e-06,3.65666947421039e-06,1.05886023586392e-08,0.999990889591505
sample_216,2.56719506042109e-05,0.999627618674885,0.00034670741716047,1.9573507536512e-09
sample_217,1.90872788403137e-05,0.999240646774702,0.000740265229736874,7.16720990417737e-10
sample_218,4.41140843551521e-05,0.00102804011913444,0.998927845780299,1.62108367527981e-11
sample_219,2.94478490174531e-05,0.0013640224692179,0.99860652966783,1.39348378434161e-11
sample_220,0.996552786209545,7.49093637339518e-05,0.00337226696688402,3.74598374457047e-08
sample_221,0.000283755839692979,0.94208735493349,0.0576288875521929,1.6746245259527e-09
sample_222,3.5864087993294e-05,0.999949764747858,1.09918461745293e-05,3.37931797422551e-06
sample_223,5.36146936324526e-05,3.32307353641422e-05,0.999913154565936,5.06778099887572e-12
sample_224,0.000256901390571351,0.0689999150513167,0.930743183275209,2.82902833536225e-10
sample_225,0.99858564973784,0.00010876839390888,0.0013054287846034,1.53083647384059e-07
sample_226,0.997833007633972,0.000722157675229055,0.000138783548879418,0.00130605114191946
sample_227,0.000138159979107673,0.000286630338118518,3.90499106259865e-07,0.999574819183668
sample_228,4.7608394158123e-05,6.52370497899076e-06,0.999945867897794,3.06867571194827e-12
sample_229,9.3557860072904e-05,0.990691114451015,0.0092153265433401,1.14557177430451e-09
sample_230,0.000173468181324737,0.997055365253991,0.00277116119125056,5.37343413414826e-09
sample_231,0.000306713598487566,0.96091128432183,0.0387819998953509,2.18433180286015e-09
sample_232,0.999989125837809,1.13689092141224e-06,9.57191178839559e-06,1.65359481558132e-07
sample_233,0.000755848284208989,0.00265157034359252,0.996592581183372,1.88826521037841e-10
sample_234,0.999976900948618,4.80862411650432e-06,1.71226950076509e-05,1.16773225805535e-06
sample_235,0.999985462196304,2.86152878726993e-06,1.02338327888203e-05,1.44244212005701e-06
sample_236,0.99948067348758,0.000229875355355016,9.19001936144306e-05,0.000197550963450486
sample_237,0.999315415599309,0.000198204831134521,7.03143016395829e-05,0.000416065267916808
sample_238,0.98290494149903,0.000347354736653416,0.0167476495066793,5.42576370560356e-08
sample_239,0.999932817916435,2.24810048792602e-05,3.91434007620395e-05,5.55767792356131e-06
sample_240,7.73725629215823e-05,1.20658489406528e-05,0.999910561583611,4.52656812304774e-12
sample_241,0.968614712285927,0.000373026444962825,0.0310122235408861,3.77282237182004e-08
sample_242,6.86061535708499e-05,0.000525006865460538,0.999406386963895,1.70736512007292e-11
sample_243,0.999974583105919,1.0311030839213e-06,2.43630645822992e-05,2.27264148388584e-08
sample_244,4.5024937116429e-05,1.68406801393607e-05,0.999938134379161,3.58319885395498e-12
sample_245,0.999956809411412,9.30655671208859e-06,3.28379696454301e-05,1.04606223061166e-06
sample_246,1.34083752421925e-05,9.76407619242774e-06,2.49861396261259e-08,0.999976802562426
sample_247,0.994745965024062,1.17396210559718e-05,0.00524229147256837,3.88231392465192e-09
sample_248,0.961118342771319,0.000287945157197929,0.038593686281137,2.57903456907826e-08
sample_249,0.999700915372635,6.02780192342243e-05,3.42389798377917e-05,0.000204567628293584
sample_250,3.17349943247114e-05,0.000169989944012099,1.3978382263987e-07,0.99979813527784
sample_251,0.997742974423212,0.00026675437156543,6.61405642582528e-05,0.00192413064096435
sample_252,1.10693209047974e-05,0.999962114485072,2.6806190176067e-05,1.00038472063877e-08
sample_253,0.000395372785793134,1.52630702327051e-05,0.999589364130271,1.37028683353548e-11
sample_254,4.48909736885829e-05,0.999928211701078,2.66458717357985e-05,2.51453497916893e-07
sample_255,0.999984864063026,3.0995484980609e-06,9.95286804634346e-06,2.08352042973986e-06
sample_256,0.999184823917911,1.34413348271796e-05,0.000801717722160453,1.7025101362055e-08
sample_257,7.4027465494836e-05,0.000190244560330451,2.30688820147577e-07,0.999735497285354
sample_258,0.000260078257691798,0.000183061625593152,0.999556860088431,2.82841954747827e-11
sample_259,0.000209500182209753,0.000497508678690572,6.29174679217559e-07,0.99929236196442
sample_260,0.961190482207317,0.0131933209225807,0.0256146422498051,1.55462029695442e-06
sample_261,0.000129066649704851,0.997520124380768,0.00235080489750426,4.07202318400091e-09
sample_262,0.974526510541159,0.000518373291724574,0.024955056005702,6.01614147029926e-08
sample_263,0.0295920900280851,0.000316174547460175,0.970091734549225,8.75230118746517e-10
sample_264,0.995751009915123,0.000202323442005705,5.00518839078177e-05,0.0039966147589633
sample_265,0.975515181354472,0.00558820150188814,0.0188957407143253,8.76429314800182e-07
sample_266,6.21288172641081e-05,0.999169378556158,0.000768489033407354,3.59317067597426e-09
sample_267,0.991377080274787,1.82803445750683e-05,0.00860463482201442,4.55862327738501e-09
sample_268,1.0791418483865e-05,0.999827989118897,0.000161218375751066,1.08686815437715e-09
sample_269,0.000107999208451463,0.000921734286927614,5.73036858488025e-07,0.998969693467762
sample_270,0.999235831068141,7.71610400960682e-05,3.36743062673516e-05,0.000653333585495827
sample_271,0.999984931447517,6.10435770447812e-07,1.44375897052476e-05,2.05270069320514e-08
sample_272,0.0232426413557884,0.962403199318476,0.0143529767163964,1.18260933891573e-06
sample_273,0.000374006982037486,0.000843505147397797,0.998782487801328,6.92371845618132e-11
sample_274,0.87652599492884,0.000234409248787109,0.12323958447571,1.13466632400166e-08
sample_275,0.0241904988858334,0.00132038693889826,0.974489112464394,1.71087403807714e-09
sample_276,2.27313091528428e-05,0.999965053482981,1.18225161406727e-05,3.92691725855793e-07
sample_277,5.20331626032009e-05,0.00296235817604898,0.996985608634365,2.69830097502306e-11
sample_278,0.000315517487291644,0.979601431278066,0.0200830480750195,3.15962254292921e-09
sample_279,7.80693992423935e-05,0.998542387036601,0.00137954049253856,3.07161820283239e-09
sample_280,7.290436694854e-06,3.62533451622857e-05,0.999956456216389,1.7540395940135e-12
sample_281,3.57397264880756e-05,0.000716368945020245,0.999247891316193,1.22986015499948e-11
sample_282,4.38506282085247e-06,4.22232444030606e-06,1.00951060368984e-08,0.999991382517633
sample_283,0.988690722993197,3.82442280599741e-05,0.0112710248310915,7.94765192561524e-09
sample_284,0.0610675034393459,5.77403859864536e-05,0.938874755618612,5.56055758460124e-10
sample_285,1.0802241988634e-05,4.59246867446745e-06,2.24828195294409e-08,0.999984582806517
sample_286,0.999953631678292,1.24523834589946e-05,1.77718032520507e-05,1.61441349970379e-05
sample_287,0.999963538622286,2.30440669898144e-06,3.41004308708395e-05,5.65401444384818e-08
sample_288,0.991390183869543,0.00365148112002596,0.00495549411453585,2.8408958955619e-06
sample_289,0.000141054298503698,0.999516618967814,0.000342295572029658,3.11616528702934e-08
sample_290,0.000287745011358475,0.997917750694558,0.00179448837416213,1.59199209658539e-08
sample_291,0.955653679506788,0.0322930963683713,0.0120415810210851,1.16431037555936e-05
sample_292,0.00690104829009997,0.0076866208427362,0.98541232917502,1.69214407727611e-09
sample_293,1.01845347147847e-05,5.72352132191751e-05,0.999932580249778,2.28766685073067e-12
sample_294,0.00555447588615081,0.971403969922443,0.0230414538684428,1.00322964010214e-07
sample_295,3.23257617418268e-06,5.53922498652823e-06,1.01405580133481e-08,0.999991218058281
sample_296,0.999981760721444,9.48188112781468e-07,1.72571806563361e-05,3.39097872141102e-08
sample_297,0.999770924585539,1.27427618456321e-06,0.00022779842748113,2.71079545511575e-09
sample_298,0.697995835953331,0.00043229484633535,0.301571858101287,1.10990463588964e-08
sample_299,0.999371050506683,0.000379340482498418,0.00020942524948816,4.01837613308303e-05
sample_300,0.000982580592520981,1.43369157620617e-05,0.999003082467398,2.43188134777164e-11
sample_301,0.00993592219801143,0.961847003491093,0.0282168947022297,1.79608665191846e-07
sample_302,0.000130499850499853,0.000110014170153475,0.999759485964954,1.43926184580011e-11
sample_303,3.44413987590533e-05,8.40090407296908e-06,0.999957157694635,2.53257374733107e-12
sample_304,0.999818590286256,1.66213847671327e-06,0.000179743013979699,4.56128701901679e-09
sample_305,0.0022731959266319,0.996610743634472,0.00111517464925295,8.85789642935815e-07
sample_306,8.34208318923982e-05,0.000698762321914415,4.40587818832082e-07,0.999217376258374
sample_307,0.996917503555997,0.00236276698597883,0.000465527032845812,0.00025420242517793
sample_308,0.000199008923708155,0.999680357876342,0.000120307931839764,3.25268109628842e-07
sample_309,0.000630905194813653,0.000121448667597568,0.999247646094473,4.31161575577768e-11
sample_310,0.259524131033233,0.000227660417624429,0.740248205599028,2.95011512042315e-09
sample_311,1.16658415036828e-05,1.50716048513897e-05,2.8024878245896e-08,0.999973234528767
sample_312,2.40533692788971e-05,0.000115618574492428,0.999860328051412,4.81667107800713e-12
sample_313,3.95768338180309e-05,0.997025017075877,0.00293540532965603,7.60649225527065e-10
sample_314,0.999987510558432,1.938748541249e-06,1.0019433081961e-05,5.3125994426298e-07
sample_315,0.000457894690523816,0.000135811151731723,0.999406294121205,3.65394590356523e-11
sample_316,2.94164587043493e-05,0.999916043776045,5.45170180034378e-05,2.27472472262217e-08
sample_317,1.7535561737814e-05,0.999351601777597,0.000630861940301855,7.20363850409665e-10
sample_318,1.98713584544621e-05,0.999969502272963,1.01127340756118e-05,5.13634506545729e-07
sample_319,0.000955948902805796,0.000171871812512835,0.998872179218149,6.65326346158049e-11
sample_320,0.000320410073210021,0.021366705420606,0.978312884286389,2.19795203241736e-10
sample_321,8.38171346925915e-06,0.999930441641726,6.11746002397225e-05,2.04456491957726e-09
sample_322,8.9018290475851e-06,1.0767312398875e-05,2.10766735165272e-08,0.99998030978188
sample_323,0.999987690915966,1.97144354041411e-06,9.72779130890296e-06,6.09849184307155e-07
sample_324,0.000542243464791067,0.0676007817156242,0.931856974295706,5.23878675715621e-10
sample_325,0.00281185993469319,0.970685490221919,0.0265026122066823,3.76367052647955e-08
sample_326,0.000152465676321867,0.998794739468972,0.00105278462565213,1.02290543239225e-08
sample_327,9.05090273748442e-06,0.999949827452958,4.11174306031532e-05,4.21370123608138e-09
sample_328,0.999797449243116,4.77496173080666e-05,3.18376842361259e-05,0.000122963455340091
sample_329,1.06117570398323e-05,6.69295228108257e-05,0.999922458717679,2.47005694813977e-12
sample_330,5.30424618360239e-05,0.999909613985638,3.71693686313487e-05,1.74183894586056e-07
sample_331,0.00787798513178939,0.000901136161542553,0.991220878073852,6.32815850248869e-10
sample_332,0.99980146773783,1.5124964554286e-05,0.000183299100213401,1.08197402385251e-07
sample_333,0.983952866830091,0.00124733195861079,0.0147995757138181,2.25497479962035e-07
sample_334,0.999957356406752,1.08019123897343e-06,4.15516804335093e-05,1.1721575422118e-08
sample_335,0.00400811604017754,0.995611044639223,0.000319365004160999,6.14743164387632e-05
sample_336,0.000319754847184806,0.025409064195775,0.974271180722998,2.34042678244636e-10
sample_337,1.55905392857034e-05,0.999896091753071,8.83141128679701e-05,3.59477511780358e-09
sample_338,0.999987090078004,2.3306958190958e-06,9.53139977280329e-06,1.04782640437921e-06
sample_339,2.90246672120943e-05,0.000289758931452201,0.999681216393692,7.64403447835838e-12
sample_340,6.94636087850596e-05,5.97959978749858e-06,6.25597294906206e-08,0.999924494231698
sample_341,0.00062757002917112,0.0648219791421515,0.934550450244714,5.8396322367909e-10
sample_342,0.999970542826286,6.08257405267101e-06,2.2359291847969e-05,1.01530781323706e-06
sample_343,2.38121761046289e-05,0.999932509709711,4.36568567200445e-05,2.12574642082728e-08
sample_344,3.13727429419587e-06,5.32446760327765e-06,9.95876187040299e-09,0.999991528299341
sample_345,0.000117026195366061,1.68178164410044e-05,0.999866155981671,6.52215560218188e-12
sample_346,2.16815316743692e-05,7.74272760063117e-05,0.999900891188422,3.89698257571909e-12
sample_347,0.00191165038103871,0.99785718568013,0.000158107211603787,7.30567272277997e-05
sample_348,0.0507323105204755,0.932001074093476,0.0172636352692366,2.98011681168002e-06
sample_349,0.000107698191080919,0.974093725600375,0.0257985753741631,8.3438074651297e-10
sample_350,7.94695375788131e-06,6.39775256178242e-05,0.999928075518422,2.20260839213887e-12
sample_351,0.999836393889338,1.91411788373664e-06,0.00016168594131559,6.05146245937301e-09
sample_352,1.9696572570427e-05,0.999966980107632,1.31419449752993e-05,1.8137482202803e-07
sample_353,4.1288363311808e-05,8.57431274900537e-06,0.999950137321108,2.83141620602184e-12
sample_354,1.20165892467455e-05,0.000125096290592335,0.999862887116835,3.32585175406488e-12
sample_355,0.00128442900623815,0.00223597744033089,0.996479593291699,2.6173181951833e-10
sample_356,5.11212900021379e-06,3.52164363037266e-06,1.01390737728287e-08,0.999991356088296
sample_357,0.000680094971498823,0.832006023249679,0.167313879148954,2.62986775031003e-09
sample_358,0.99995628713843,1.60694191095195e-06,4.20839424957431e-05,2.19771630899169e-08
sample_359,0.999989193267155,8.81837155726208e-07,9.83566332237128e-06,8.9232366974335e-08
sample_360,7.16514530354267e-05,6.90380178657314e-05,1.44605270247207e-07,0.999859165923829
sample_361,0.98606649496863,0.00507891897894279,0.00885265360692991,1.93244549705819e-06
sample_362,0.999891621623819,3.40579168653542e-05,3.08402430886583e-05,4.34802162269145e-05
sample_363,0.996623536955549,5.23929333971429e-05,0.00332404483868183,2.52723721478463e-08
sample_364,0.999984977620739,3.06355846742705e-06,9.92351371618507e-06,2.03530707772199e-06
sample_365,0.000715168388009981,0.998911626337389,0.000372608794358853,5.96480242015804e-07
sample_366,0.999954123031526,6.63345748104598e-07,4.52085324859478e-05,5.09023992251865e-09
sample_367,0.000780228620835228,0.998727604140483,0.000491730122942276,4.37115739448679e-07
sample_368,0.999920371768875,1.43455112495569e-05,6.47017891965502e-05,5.80930678763348e-07
sample_369,1.59845141608284e-05,7.94289924870852e-05,0.999904586490076,3.27560455207633e-12
sample_370,0.999887214406976,3.94384778055117e-05,6.88607050062339e-05,4.4864102120456e-06
sample_371,1.84038489150923e-05,0.00056566318391134,0.999415932959628,7.54599394672545e-12
sample_372,0.999970962540425,1.57812528304944e-06,2.74189013907303e-05,4.04329016055329e-08
sample_373,0.999967615209658,8.102635582578e-07,3.15639771611118e-05,1.05496229366587e-08
sample_374,0.949857894093685,0.000239136427825506,0.0499029507423126,1.87361769785181e-08
sample_375,0.963726988876303,0.000133120396018253,0.0361398774457862,1.32818927876478e-08
sample_376,0.99656896062282,0.00108667034613471,0.00234271836654885,1.65066449693596e-06
sample_377,0.0133075872917273,0.00785664552522602,0.978835764317149,2.86589765330613e-09
sample_378,0.00012242812852205,0.99984486089847,2.88095306941512e-05,3.90144231411434e-06
sample_379,0.000714761310425925,2.29671394373686e-05,3.25831302453306e-07,0.999261945718834
sample_380,0.990925561312757,9.3689315093703e-05,0.00898072697502036,2.23971284505402e-08
sample_381,1.1746000902583e-05,5.04121891068867e-05,0.999937841807646,2.34449192852577e-12
sample_382,7.97831217288588e-05,6.77190501253021e-05,1.52099657983965e-07,0.999852345728488
sample_383,2.66093101972243e-05,0.999657083959704,0.000316304484376308,2.2457221683367e-09
sample_384,3.60223402333465e-05,0.999807905627802,0.000156064327338122,7.70462674154368e-09
sample_385,0.000266179883359762,0.998004534971556,0.00172927045254474,1.46925397422994e-08
sample_386,0.999951148747835,8.22758738921095e-07,4.80219982797183e-05,6.49514662321112e-09
sample_387,2.77982113706279e-05,0.999953700356793,1.83169689774392e-05,1.8446285926447e-07
sample_388,0.989801460163976,3.51591239568134e-05,0.0101633729394297,7.77263769101216e-09
sample_389,1.31891608355463e-05,1.60087649936854e-05,0.999970802072453,1.71801802115348e-12
sample_390,0.0322612666600792,0.00284164773657362,0.9648970823626,3.24074677597659e-09
sample_391,1.1235327571546e-05,1.21987641039705e-05,0.99997656590683,1.49410509690078e-12
sample_392,2.88287603225858e-05,0.999636087747641,0.000335081087352464,2.40468380435236e-09
sample_393,1.50532242957095e-05,4.70454053866779e-06,2.71568820280096e-08,0.999980215078284
sample_394,0.000112988598679582,0.995765540760896,0.00412146833615773,2.30426678646217e-09
sample_395,0.999989137866203,1.03007508066811e-06,9.70410270135837e-06,1.27956015034861e-07
sample_396,0.00053883361254182,0.00415497832241957,0.995306187889443,1.7559537666577e-10
sample_397,9.99304474132036e-05,1.23715609886186e-05,0.999887697986244,5.35449434335322e-12
sample_398,0.999741067026281,2.97840378799802e-05,0.000228916018027525,2.32917811783415e-07
sample_399,0.99987053643689,5.37474899460207e-05,5.13997655129613e-05,2.43163076510037e-05
sample_400,6.39480238784699e-05,0.991157804325467,0.0087782468930898,7.57565042573467e-10
sample_401,0.000491745959034754,0.0601003270470848,0.939407926532706,4.61174806832108e-10
sample_402,0.998424798102109,0.00082690029479381,0.000181176573202471,0.000567125029894597
sample_403,0.999945842060031,2.78473497391279e-06,5.13314055236444e-05,4.17994718822149e-08
sample_404,0.000887795608559975,0.741788688386076,0.257323513183795,2.82156910887948e-09
sample_405,0.907653240226908,0.000422454772940687,0.0919242832886722,2.17114792362544e-08
sample_406,3.64290237381852e-05,0.999669483973279,0.000294083086205641,3.91677688411491e-09
sample_407,0.999816598098154,1.43458507611293e-06,0.00018196357453357,3.7422359186355e-09
sample_408,3.85761591745524e-05,0.000135228750654932,0.999826195083253,6.91770061781046e-12
sample_409,0.0457786182565189,0.952228012163189,0.00125712072037413,0.000736248859917591
sample_410,9.87514496822416e-06,3.89882449031148e-06,1.47456698952285e-08,0.999986211284872
sample_411,0.000206103566808308,2.11534221211045e-05,0.999772743000941,1.01301955441426e-11
sample_412,1.36563677500659e-05,0.999968744668461,1.75643236600999e-05,3.46401289294432e-08
sample_413,0.042490276220448,0.955556257385527,0.0011626778019607,0.000790788592063988
sample_414,9.02373337556765e-06,0.99997604991791,1.49065061334763e-05,1.98425812043115e-08
sample_415,0.948165429204001,0.00248908319792232,0.0493453266726326,1.6092544368387e-07
sample_416,0.999885297852442,3.70576945077793e-05,3.26600477726234e-05,4.49844052778804e-05
sample_417,0.000139343515797982,0.000442352118494808,0.999418304339433,2.62740446399768e-11
sample_418,0.999685641042034,0.000142618979881167,7.67233713959925e-05,9.50166066889275e-05
sample_419,0.000133282529268646,0.987348577391093,0.0125181386000577,1.47958057662267e-09
sample_420,0.000311278692220156,0.000164015103976123,0.999524706173281,3.05231679243331e-11
sample_421,0.999608910798199,0.000126863281391912,0.000261922562377556,2.30335803105941e-06
sample_422,0.00162348061966888,0.000159687983009953,0.998216831305714,9.16075900542583e-11
sample_423,0.00230630023701565,0.997328719116195,0.000355289087058294,9.69155973152204e-06
sample_424,1.24671068714688e-05,0.999788471211745,0.000199060581854309,1.0995294012035e-09
sample_425,5.31783136165869e-06,6.9320599297587e-06,1.85259065465313e-08,0.999987731582802
sample_426,0.999973443497162,2.8381395636928e-06,2.3553067723909e-05,1.65295550405991e-07
sample_427,0.00330039423920108,0.993762005893915,0.00293718739706897,4.12469815575684e-07
sample_428,0.000677844017626545,0.000118587040423419,0.9992035688972,4.47503772390283e-11
sample_429,5.66563419080581e-05,0.0038434015520797,0.996099942074474,3.15382645512307e-11
sample_430,2.47550124329023e-05,1.7229115292328e-05,4.41881695115589e-08,0.999957971684105
sample_431,0.0330997760201854,0.000665974429785648,0.966234248108639,1.44139027319682e-09
sample_432,0.99953643797936,7.04708838552396e-06,0.000456502317663066,1.26145907757509e-08
sample_433,4.65580853198749e-05,0.999378382167776,0.000575056717740744,3.02916391034213e-09
sample_434,0.999930758301788,1.9673491377142e-05,2.24987051698531e-05,2.70695016646726e-05
sample_435,0.135046357045528,0.0445803896682085,0.820373200023939,5.32623243155758e-08
sample_436,1.06705284454039e-05,0.999911886259829,7.74409981505839e-05,2.21357516912353e-09
